simple_cnn
========================
loss: 0.03631691262125969
accuracy: 0.9619561433792114
precision: 0.6891600489616394
recall: 0.966569721698761
