unet
========================
loss: 0.0313105583190918
accuracy: 0.9925218224525452
precision: 0.9929015040397644
recall: 0.9142689108848572
